# Camera list with one line of data per camera:
# CAMERA_ID, MODEL, WIDTH, HEIGHT, PARAMS[]
1 OPENCV 1080 1080 1500.000000 1500.000000 540.000000 540.000000 0 0 0 0
2 OPENCV 1080 1080 1500.000000 1500.000000 540.000000 540.000000 0 0 0 0
3 OPENCV 1080 1080 1500.000000 1500.000000 540.000000 540.000000 0 0 0 0
4 OPENCV 1080 1080 1500.000000 1500.000000 540.000000 540.000000 0 0 0 0
5 OPENCV 1080 1080 1500.000000 1500.000000 540.000000 540.000000 0 0 0 0
6 OPENCV 1080 1080 1500.000000 1500.000000 540.000000 540.000000 0 0 0 0
7 OPENCV 1080 1080 1500.000000 1500.000000 540.000000 540.000000 0 0 0 0
8 OPENCV 1080 1080 1500.000000 1500.000000 540.000000 540.000000 0 0 0 0
9 OPENCV 1080 1080 1500.000000 1500.000000 540.000000 540.000000 0 0 0 0
10 OPENCV 1080 1080 1500.000000 1500.000000 540.000000 540.000000 0 0 0 0
11 OPENCV 1080 1080 1500.000000 1500.000000 540.000000 540.000000 0 0 0 0
12 OPENCV 1080 1080 1500.000000 1500.000000 540.000000 540.000000 0 0 0 0
13 OPENCV 1080 1080 1500.000000 1500.000000 540.000000 540.000000 0 0 0 0
14 OPENCV 1080 1080 1500.000000 1500.000000 540.000000 540.000000 0 0 0 0
15 OPENCV 1080 1080 1500.000000 1500.000000 540.000000 540.000000 0 0 0 0
16 OPENCV 1080 1080 1500.000000 1500.000000 540.000000 540.000000 0 0 0 0
17 OPENCV 1080 1080 1500.000000 1500.000000 540.000000 540.000000 0 0 0 0
18 OPENCV 1080 1080 1500.000000 1500.000000 540.000000 540.000000 0 0 0 0
19 OPENCV 1080 1080 1500.000000 1500.000000 540.000000 540.000000 0 0 0 0
20 OPENCV 1080 1080 1500.000000 1500.000000 540.000000 540.000000 0 0 0 0
21 OPENCV 1080 1080 1500.000000 1500.000000 540.000000 540.000000 0 0 0 0
22 OPENCV 1080 1080 1500.000000 1500.000000 540.000000 540.000000 0 0 0 0
23 OPENCV 1080 1080 1500.000000 1500.000000 540.000000 540.000000 0 0 0 0
24 OPENCV 1080 1080 1500.000000 1500.000000 540.000000 540.000000 0 0 0 0
25 OPENCV 1080 1080 1500.000000 1500.000000 540.000000 540.000000 0 0 0 0
26 OPENCV 1080 1080 1500.000000 1500.000000 540.000000 540.000000 0 0 0 0
27 OPENCV 1080 1080 1500.000000 1500.000000 540.000000 540.000000 0 0 0 0
28 OPENCV 1080 1080 1500.000000 1500.000000 540.000000 540.000000 0 0 0 0
29 OPENCV 1080 1080 1500.000000 1500.000000 540.000000 540.000000 0 0 0 0
30 OPENCV 1080 1080 1500.000000 1500.000000 540.000000 540.000000 0 0 0 0
31 OPENCV 1080 1080 1500.000000 1500.000000 540.000000 540.000000 0 0 0 0
32 OPENCV 1080 1080 1500.000000 1500.000000 540.000000 540.000000 0 0 0 0
33 OPENCV 1080 1080 1500.000000 1500.000000 540.000000 540.000000 0 0 0 0
34 OPENCV 1080 1080 1500.000000 1500.000000 540.000000 540.000000 0 0 0 0
35 OPENCV 1080 1080 1500.000000 1500.000000 540.000000 540.000000 0 0 0 0
36 OPENCV 1080 1080 1500.000000 1500.000000 540.000000 540.000000 0 0 0 0
37 OPENCV 1080 1080 1500.000000 1500.000000 540.000000 540.000000 0 0 0 0
38 OPENCV 1080 1080 1500.000000 1500.000000 540.000000 540.000000 0 0 0 0
39 OPENCV 1080 1080 1500.000000 1500.000000 540.000000 540.000000 0 0 0 0
40 OPENCV 1080 1080 1500.000000 1500.000000 540.000000 540.000000 0 0 0 0
41 OPENCV 1080 1080 1500.000000 1500.000000 540.000000 540.000000 0 0 0 0
42 OPENCV 1080 1080 1500.000000 1500.000000 540.000000 540.000000 0 0 0 0
43 OPENCV 1080 1080 1500.000000 1500.000000 540.000000 540.000000 0 0 0 0
44 OPENCV 1080 1080 1500.000000 1500.000000 540.000000 540.000000 0 0 0 0
45 OPENCV 1080 1080 1500.000000 1500.000000 540.000000 540.000000 0 0 0 0
46 OPENCV 1080 1080 1500.000000 1500.000000 540.000000 540.000000 0 0 0 0
47 OPENCV 1080 1080 1500.000000 1500.000000 540.000000 540.000000 0 0 0 0
48 OPENCV 1080 1080 1500.000000 1500.000000 540.000000 540.000000 0 0 0 0
49 OPENCV 1080 1080 1500.000000 1500.000000 540.000000 540.000000 0 0 0 0
50 OPENCV 1080 1080 1500.000000 1500.000000 540.000000 540.000000 0 0 0 0
51 OPENCV 1080 1080 1500.000000 1500.000000 540.000000 540.000000 0 0 0 0
52 OPENCV 1080 1080 1500.000000 1500.000000 540.000000 540.000000 0 0 0 0
53 OPENCV 1080 1080 1500.000000 1500.000000 540.000000 540.000000 0 0 0 0
54 OPENCV 1080 1080 1500.000000 1500.000000 540.000000 540.000000 0 0 0 0
55 OPENCV 1080 1080 1500.000000 1500.000000 540.000000 540.000000 0 0 0 0
56 OPENCV 1080 1080 1500.000000 1500.000000 540.000000 540.000000 0 0 0 0
57 OPENCV 1080 1080 1500.000000 1500.000000 540.000000 540.000000 0 0 0 0
58 OPENCV 1080 1080 1500.000000 1500.000000 540.000000 540.000000 0 0 0 0
59 OPENCV 1080 1080 1500.000000 1500.000000 540.000000 540.000000 0 0 0 0
60 OPENCV 1080 1080 1500.000000 1500.000000 540.000000 540.000000 0 0 0 0
61 OPENCV 1080 1080 1500.000000 1500.000000 540.000000 540.000000 0 0 0 0
