# Image list with two lines per image
# IMAGE_ID, QW, QX, QY, QZ, TX, TY, TZ, CAMERA_ID, NAME
1 0.8910059332847595 1.5705216682704304e-08 0.4539916515350342 -5.9284559483785415e-08 0.000000 0.804278 4.050212 1 HalfdomeIcosphere.001_ArrayCam_IN.001.png
0.0 0.0 0
2 -0.1564345359802246 3.097325063095013e-08 -0.9876883029937744 3.7284198839415694e-08 0.000000 0.804278 4.050214 2 HalfdomeIcosphere.001_ArrayCam_IN.002.png
0.0 0.0 0
3 -0.45399171113967896 3.935712644675959e-09 0.8910059332847595 -7.578137939390217e-08 0.000001 0.804278 4.050212 3 HalfdomeIcosphere.001_ArrayCam_IN.003.png
0.0 0.0 0
4 0.8910059332847595 1.5705216682704304e-08 -0.4539916515350342 5.9284559483785415e-08 -0.000000 0.804278 4.050212 4 HalfdomeIcosphere.001_ArrayCam_IN.004.png
0.0 0.0 0
5 -0.1564345359802246 3.097325063095013e-08 0.9876883029937744 -3.7284198839415694e-08 -0.000000 0.804278 4.050214 5 HalfdomeIcosphere.001_ArrayCam_IN.005.png
0.0 0.0 0
6 -0.9876883029937744 1.4153265226468648e-08 -0.15643450617790222 2.171030821784825e-08 -0.000001 0.804278 4.050214 6 HalfdomeIcosphere.001_ArrayCam_IN.006.png
0.0 0.0 0
7 -0.7071067690849304 5.76011558450773e-08 0.7071067094802856 -2.6692537957728746e-08 0.000001 0.804278 4.050220 7 HalfdomeIcosphere.001_ArrayCam_IN.007.png
0.0 0.0 0
8 -0.7071067690849304 5.76011558450773e-08 -0.7071067094802856 2.6692537957728746e-08 -0.000001 0.804278 4.050220 8 HalfdomeIcosphere.001_ArrayCam_IN.008.png
0.0 0.0 0
9 -0.9876883029937744 1.4153265226468648e-08 0.15643450617790222 -2.171030821784825e-08 0.000001 0.804278 4.050214 9 HalfdomeIcosphere.001_ArrayCam_IN.009.png
0.0 0.0 0
10 0.913873016834259 0.3039896488189697 0.2553642690181732 0.08494407683610916 -0.033529 0.513495 3.707000 10 HalfdomeIcosphere.001_ArrayCam_IN.010.png
0.0 0.0 0
11 0.8894370794296265 0.29586151242256165 -0.3305697739124298 -0.1099604144692421 -0.033536 0.513492 3.707002 11 HalfdomeIcosphere.001_ArrayCam_IN.011.png
0.0 0.0 0
12 0.5252691507339478 0.17472508549690247 -0.790232241153717 -0.26286208629608154 -0.033538 0.513489 3.707005 12 HalfdomeIcosphere.001_ArrayCam_IN.012.png
0.0 0.0 0
13 0.03953418880701065 0.013150651939213276 0.9480568170547485 0.3153607249259949 -0.033537 0.513493 3.707001 13 HalfdomeIcosphere.001_ArrayCam_IN.013.png
0.0 0.0 0
14 0.5892412066459656 0.19600369036197662 0.7437542676925659 0.2474004328250885 -0.033543 0.513496 3.707005 14 HalfdomeIcosphere.001_ArrayCam_IN.014.png
0.0 0.0 0
15 0.38774195313453674 0.23614642024040222 0.7609827518463135 0.4634612202644348 -0.000004 0.600194 3.110701 15 HalfdomeIcosphere.001_ArrayCam_IN.015.png
0.0 0.0 0
16 0.4181675314903259 0.1767556518316269 0.8207017779350281 0.34690335392951965 0.000005 0.544744 3.409662 16 HalfdomeIcosphere.001_ArrayCam_IN.016.png
0.0 0.0 0
17 0.25536414980888367 0.08494403213262558 0.913873016834259 0.3039897680282593 0.033529 0.513494 3.707000 17 HalfdomeIcosphere.001_ArrayCam_IN.017.png
0.0 0.0 0
18 0.1336081624031067 0.08137162029743195 -0.8435556888580322 -0.5137521624565125 -0.000002 0.600187 3.110703 18 HalfdomeIcosphere.001_ArrayCam_IN.018.png
0.0 0.0 0
19 0.14409315586090088 0.06090693175792694 -0.9097541570663452 -0.38454508781433105 -0.000002 0.544746 3.409661 19 HalfdomeIcosphere.001_ArrayCam_IN.019.png
0.0 0.0 0
20 0.330569863319397 0.10996031761169434 -0.8894370794296265 -0.29586148262023926 0.033537 0.513492 3.707002 20 HalfdomeIcosphere.001_ArrayCam_IN.020.png
0.0 0.0 0
21 0.6039190888404846 0.36780667304992676 -0.6039190888404846 -0.36780667304992676 0.000000 0.600177 3.110706 21 HalfdomeIcosphere.001_ArrayCam_IN.021.png
0.0 0.0 0
22 0.6513126492500305 0.2753030061721802 -0.6513128280639648 -0.27530303597450256 -0.000001 0.544751 3.409664 22 HalfdomeIcosphere.001_ArrayCam_IN.022.png
0.0 0.0 0
23 0.7902321219444275 0.26286211609840393 -0.5252693295478821 -0.17472507059574127 0.033537 0.513489 3.707005 23 HalfdomeIcosphere.001_ArrayCam_IN.023.png
0.0 0.0 0
24 0.8435556888580322 0.5137522220611572 -0.13360820710659027 -0.08137164264917374 0.000002 0.600187 3.110703 24 HalfdomeIcosphere.001_ArrayCam_IN.024.png
0.0 0.0 0
25 0.9097541570663452 0.3845452070236206 -0.14409317076206207 -0.06090692803263664 0.000002 0.544745 3.409661 25 HalfdomeIcosphere.001_ArrayCam_IN.025.png
0.0 0.0 0
26 0.9480567574501038 0.3153608739376068 0.03953421115875244 0.013150622136890888 0.033537 0.513492 3.707001 26 HalfdomeIcosphere.001_ArrayCam_IN.026.png
0.0 0.0 0
27 0.7609827518463135 0.4634612202644348 0.38774198293685913 0.23614642024040222 0.000003 0.600194 3.110700 27 HalfdomeIcosphere.001_ArrayCam_IN.027.png
0.0 0.0 0
28 0.8207018375396729 0.3469034433364868 0.4181673526763916 0.17675568163394928 -0.000007 0.544744 3.409662 28 HalfdomeIcosphere.001_ArrayCam_IN.028.png
0.0 0.0 0
29 0.7437542080879211 0.24740035831928253 0.5892413258552551 0.19600369036197662 0.033543 0.513496 3.707005 29 HalfdomeIcosphere.001_ArrayCam_IN.029.png
0.0 0.0 0
30 0.5780131220817566 0.09468355029821396 0.7998555302619934 0.13102315366268158 0.035489 0.946269 4.062430 30 HalfdomeIcosphere.001_ArrayCam_IN.030.png
0.0 0.0 0
31 0.4511101245880127 0.05106952413916588 0.8853505849838257 0.10022913664579391 -0.000001 1.050870 4.130696 31 HalfdomeIcosphere.001_ArrayCam_IN.031.png
0.0 0.0 0
32 0.3073485493659973 0.05034653842449188 0.9377657771110535 0.15361468493938446 -0.035478 0.946268 4.062427 32 HalfdomeIcosphere.001_ArrayCam_IN.032.png
0.0 0.0 0
33 0.0025241009425371885 0.00041343053453601897 -0.9868442416191101 -0.16165365278720856 0.035491 0.946272 4.062427 33 HalfdomeIcosphere.001_ArrayCam_IN.033.png
0.0 0.0 0
34 0.15544159710407257 0.017597367987036705 -0.9814192652702332 -0.11110544949769974 -0.000006 1.050866 4.130697 34 HalfdomeIcosphere.001_ArrayCam_IN.034.png
0.0 0.0 0
35 0.3025561273097992 0.04956139996647835 -0.9393230080604553 -0.15386924147605896 -0.035478 0.946272 4.062427 35 HalfdomeIcosphere.001_ArrayCam_IN.035.png
0.0 0.0 0
36 0.5820935964584351 0.09535165131092072 -0.796890914440155 -0.130537211894989 0.035481 0.946275 4.062429 36 HalfdomeIcosphere.001_ArrayCam_IN.036.png
0.0 0.0 0
37 0.7026185989379883 0.07954303920269012 -0.7026185989379883 -0.0795430839061737 0.000000 1.050860 4.130704 37 HalfdomeIcosphere.001_ArrayCam_IN.037.png
0.0 0.0 0
38 0.796890914440155 0.13053716719150543 -0.5820935964584351 -0.0953516736626625 -0.035481 0.946275 4.062429 38 HalfdomeIcosphere.001_ArrayCam_IN.038.png
0.0 0.0 0
39 0.9393230080604553 0.15386921167373657 -0.30255618691444397 -0.04956131801009178 0.035477 0.946273 4.062427 39 HalfdomeIcosphere.001_ArrayCam_IN.039.png
0.0 0.0 0
40 0.9814192652702332 0.1111055240035057 -0.15544159710407257 -0.017597390338778496 0.000006 1.050866 4.130697 40 HalfdomeIcosphere.001_ArrayCam_IN.040.png
0.0 0.0 0
41 0.9868442416191101 0.16165362298488617 -0.0025241095572710037 -0.0004134710761718452 -0.035491 0.946273 4.062426 41 HalfdomeIcosphere.001_ArrayCam_IN.041.png
0.0 0.0 0
42 0.9377657175064087 0.15361469984054565 0.30734866857528687 0.05034652352333069 0.035479 0.946268 4.062426 42 HalfdomeIcosphere.001_ArrayCam_IN.042.png
0.0 0.0 0
43 0.8853505849838257 0.1002291813492775 0.4511101543903351 0.05106944963335991 0.000001 1.050870 4.130696 43 HalfdomeIcosphere.001_ArrayCam_IN.043.png
0.0 0.0 0
44 0.7998555302619934 0.13102324306964874 0.5780130624771118 0.09468347579240799 -0.035489 0.946269 4.062429 44 HalfdomeIcosphere.001_ArrayCam_IN.044.png
0.0 0.0 0
45 0.15562240779399872 0.0159192755818367 0.982560932636261 0.10051029175519943 -0.000006 1.092115 4.154552 45 HalfdomeIcosphere.001_ArrayCam_IN.045.png
0.0 0.0 0
46 0.45163482427597046 0.046199437230825424 -0.8863804936408997 -0.09067120403051376 -0.000003 1.092119 4.154550 46 HalfdomeIcosphere.001_ArrayCam_IN.046.png
0.0 0.0 0
47 0.8863804936408997 0.09067126363515854 -0.45163482427597046 -0.04619941860437393 0.000004 1.092119 4.154549 47 HalfdomeIcosphere.001_ArrayCam_IN.047.png
0.0 0.0 0
48 0.9825608730316162 0.10051041841506958 0.15562237799167633 0.015919288620352745 0.000005 1.092115 4.154552 48 HalfdomeIcosphere.001_ArrayCam_IN.048.png
0.0 0.0 0
49 0.7034359574317932 0.07195784151554108 0.7034358978271484 0.0719577893614769 -0.000000 1.092108 4.154559 49 HalfdomeIcosphere.001_ArrayCam_IN.049.png
0.0 0.0 0
50 -0.15450149774551392 0.02451612427830696 0.9754838347434998 -0.15478885173797607 -0.000001 0.858302 3.634677 50 HalfdomeIcosphere.001_ArrayCam_IN.050.png
0.0 0.0 0
51 -0.9754838347434998 0.15478885173797607 -0.15450149774551392 0.02451612614095211 -0.000000 0.858302 3.634676 51 HalfdomeIcosphere.001_ArrayCam_IN.051.png
0.0 0.0 0
52 -0.15450149774551392 0.02451612427830696 -0.9754838347434998 0.15478885173797607 0.000001 0.858302 3.634677 52 HalfdomeIcosphere.001_ArrayCam_IN.052.png
0.0 0.0 0
53 -0.6983692646026611 0.1108168363571167 0.6983692049980164 -0.1108168214559555 0.000001 0.858306 3.634681 53 HalfdomeIcosphere.001_ArrayCam_IN.053.png
0.0 0.0 0
54 -0.6983692646026611 0.1108168363571167 -0.6983692049980164 0.1108168214559555 -0.000001 0.858306 3.634681 54 HalfdomeIcosphere.001_ArrayCam_IN.054.png
0.0 0.0 0
55 -0.44838184118270874 0.07114879041910172 0.8799960613250732 -0.13963687419891357 0.000001 0.858300 3.634674 55 HalfdomeIcosphere.001_ArrayCam_IN.055.png
0.0 0.0 0
56 -0.9754838347434998 0.15478885173797607 0.15450149774551392 -0.02451612614095211 0.000001 0.858302 3.634676 56 HalfdomeIcosphere.001_ArrayCam_IN.056.png
0.0 0.0 0
57 -0.44838184118270874 0.07114879041910172 -0.8799960613250732 0.13963687419891357 -0.000001 0.858300 3.634674 57 HalfdomeIcosphere.001_ArrayCam_IN.057.png
0.0 0.0 0
58 -0.8799960613250732 0.13963699340820312 0.4483819007873535 -0.07114878296852112 -0.000001 0.858302 3.634674 58 HalfdomeIcosphere.001_ArrayCam_IN.058.png
0.0 0.0 0
59 -0.8799960613250732 0.13963699340820312 -0.4483819007873535 0.07114878296852112 0.000001 0.858302 3.634674 59 HalfdomeIcosphere.001_ArrayCam_IN.059.png
0.0 0.0 0
60 -0.45399171113967896 3.935712644675959e-09 -0.8910059332847595 7.578137939390217e-08 -0.000001 0.804278 4.050212 60 HalfdomeIcosphere.001_ArrayCam_IN.060.png
0.0 0.0 0
